		       2       1      0.000
		       2       2      0.000
		      42       1      0.000
		      42       2      0.000
		      43       1      0.000
		      43       2      0.000
		      44       1      0.000
		      44       2      0.000
		      45       1      0.000
		      45       2      0.000
		      46       1      0.000
		      46       2      0.000
		      47       1      0.000
		      47       2      0.000
		      48       1      0.000
		      48       2      0.000
		      49       1      0.000
		      49       2      0.000
		      50       1      0.000
		      50       2      0.000
		      51       1      0.000
		      51       2      0.000
		      52       1      0.000
		      52       2      0.000
		      53       1      0.000
		      53       2      0.000
		      54       1      0.000
		      54       2      0.000
		      55       1      0.000
		      55       2      0.000
		      56       1      0.000
		      56       2      0.000
		      57       1      0.000
		      57       2      0.000
		      58       1      0.000
		      58       2      0.000
		      59       1      0.000
		      59       2      0.000
		      60       1      0.000
		      60       2      0.000
		      61       1      0.000
		      61       2      0.000
		   10936       2      1.000
		   10945       2      1.000
		   10946       2      1.000
		   10947       2      1.000
