     1    0.0010000000     0.4305958961 
     1    0.0020000000     0.8611917923 
     1    0.0030000000     1.2917876884 
     1    0.0040000000     1.7223835846 
     1    0.0050000000     2.1529794807 
     1    0.0060000000     2.5835753769 
     1    0.0070000000     3.0141712730 
     1    0.0080000000     3.4447671691 
     1    0.0090000000     3.8753630653 
     1    0.0100000000     4.3059589614 
     1    0.0110000000     4.7365548576 
     1    0.0120000000     5.1671507537 
     1    0.0130000000     5.5977466498 
     1    0.0140000000     6.0283425460 
     1    0.0150000000     6.4589384421 
     1    0.0160000000     6.8895343383 
     1    0.0170000000     7.3201302344 
     1    0.0180000000     7.7507261306 
     1    0.0190000000     8.1813220267 
     1    0.0200000000     8.6119179228 
     1    0.0210000000     9.0425138190 
