		     746       1      0.000
		     747       1      0.000
		     748       1      0.000
		     749       1      0.000
		     750       1      0.000
		    1646       1      0.000
		    1646       2      0.000
		    1647       1      0.000
		    1647       2      0.000
		    1648       2      0.000
		    1649       2      0.000
		    1650       2      0.000
		    1651       2      0.000
		    1652       2      0.000
		    1653       2      0.000
		    1654       2      0.000
		    1655       2      0.000
		    1656       2      0.000
		    1657       2      0.000
		    1658       2      0.000
		    1659       2      0.000
		    1660       2      0.000
		    1661       2      0.000
		    1662       2      0.000
		    1663       2      0.000
		    1664       2      0.000
		    1665       2      0.000
		    1666       2      0.000
		    1667       2      0.000
		    1668       2      0.000
		    1669       2      0.000
		    1670       2      0.000
		    1671       2      0.000
		    1672       2      0.000
		    1673       2      0.000
		    1674       2      0.000
		    1675       2      0.000
		    1676       2      0.000
		    1677       2      0.000
		    1678       2      0.000
		    1679       2      0.000
		    1680       2      0.000
		    1681       2      0.000
		    1682       2      0.000
		    1683       2      0.000
		    1684       2      0.000
		    1685       2      0.000
		    1686       2      0.000
		    1687       1      0.000
		    1688       1      0.000
		    1689       1      0.000
		    1690       1      0.000
		    1691       1      0.000
		    1692       1      0.000
		    1693       1      0.000
		    1694       1      0.000
		    1695       1      0.000
		    1696       1      0.000
		    1697       1      0.000
		    1698       1      0.000
		    1699       1      0.000
		    1700       1      0.000
		    1701       1      0.000
		    1702       1      0.000
		    1703       1      0.000
		    1704       1      0.000
		    1705       1      0.000
		    1706       1      0.000
		    1726       1      0.000
		    1727       1      0.000
		    1728       1      0.000
		    1729       1      0.000
		    1730       1      0.000
		    1731       1      0.000
		    1732       1      0.000
		    1733       1      0.000
		    1734       1      0.000
		    1735       1      0.000
		    1736       1      0.000
		    1737       1      0.000
		    1738       1      0.000
		    1739       1      0.000
		    1740       1      0.000
		    1741       1      0.000
		    1742       1      0.000
		    1743       1      0.000
		    1744       1      0.000
		    6527       1      0.000
		    6527       2      1.000
		    6528       1      0.000
		    6529       1      0.000
		    6530       1      0.000
		    6531       1      0.000
		    6532       1      0.000
		    6533       1      0.000
		    6534       1      0.000
		    6535       1      0.000
		    6536       1      0.000
		    6537       1      0.000
		    6538       1      0.000
		    6539       1      0.000
		    6540       1      0.000
		    6541       1      0.000
		    6542       1      0.000
		    6543       1      0.000
		    6544       1      0.000
		    6545       1      0.000
		    6546       1      0.000
		    6547       1      0.000
		    6547       2      1.000
		    6548       2      1.000
		    6549       2      1.000
		    6550       2      1.000
		    6551       2      1.000
		    6552       2      1.000
		    6553       2      1.000
		    6554       2      1.000
		    6555       2      1.000
		    6556       2      1.000
		    6557       2      1.000
		    6558       2      1.000
		    6559       2      1.000
		    6560       2      1.000
		    6561       2      1.000
		    6562       2      1.000
		    6563       2      1.000
		    6564       2      1.000
		    6565       2      1.000
		    6566       2      1.000
		    6567       2      1.000
		    6568       2      1.000
		    6569       2      1.000
		    6570       2      1.000
		    6571       2      1.000
		    6572       2      1.000
		    6573       2      1.000
		    6574       2      1.000
		    6575       2      1.000
		    6576       2      1.000
		    6577       2      1.000
		    6578       2      1.000
		    6579       2      1.000
		    6580       2      1.000
		    6581       2      1.000
		    6582       2      1.000
		    6583       2      1.000
		    6584       2      1.000
		    6585       2      1.000
		    6586       2      1.000
		    6587       1      0.000
		    6588       1      0.000
		    6589       1      0.000
		    6590       1      0.000
		    6591       1      0.000
		    6592       1      0.000
		    6593       1      0.000
		    6594       1      0.000
		    6595       1      0.000
		    6596       1      0.000
		    6597       1      0.000
		    6598       1      0.000
		    6599       1      0.000
		    6600       1      0.000
		    6601       1      0.000
		    6602       1      0.000
		    6603       1      0.000
		    6604       1      0.000
		    6605       1      0.000
		    6606       1      0.000
