     1    0.0100000000     6.1392099523 
     1    0.0200000000    12.2784199045 
     1    0.0300000000    18.4176298568 
     1    0.0400000000    24.5568398090 
     1    0.0500000000    30.6960497613 
     1    0.0600000000    36.8352597135 
     1    0.0700000000    42.9744696658 
     1    0.0800000000    49.1136796180 
     1    0.0900000000    55.2528895703 
     1    0.1000000000    61.3920995225 
     1    0.1100000000    67.5313094748 
     1    0.1200000000    73.6700735392 
     1    0.1300000000    79.8069482939 
     1    0.1400000000    85.9431993850 
     1    0.1500000000    92.0761600704 
     1    0.1600000000    98.2050174085 
     1    0.1700000000   104.3316281008 
     1    0.1800000000   110.4535896781 
     1    0.1900000000   116.5698143734 
     1    0.2000000000   122.6804996075 
     1    0.2010000000   123.2638306011 
